Reference
12100000 Mar-24-2021 06:34:20 AM +UTC
12000000 Mar-08-2021 08:20:16 PM +UTC
11900000 Feb-21-2021 11:32:58 AM +UTC
11800000 Feb-06-2021 02:24:28 AM +UTC
11700000 Jan-21-2021 04:50:27 PM +UTC
11600000 Jan-06-2021 08:44:31 AM +UTC
11500000 Dec-22-2020 12:27:49 AM +UTC

-----
Sushiswap exclusives: ALCX, YAM, COVER

-----

manually sorted by shock (sort of) 

END = 12278500; // Apr-20-2021 05:54:09 PM +UTC

Pair name
blockend
MINLIQ MAXSHOCK MINSHOCK

-----

WBTC-ETH
12006500
2609 0.0277 -0.0125
11496500
2609 0.0346 -0.044


AAVE-ETH
12006500
39000 0.027 -0.028
11800000
37000 0.046 -0.047
11496500
37000 0.046 -0.052


USDC-ETH
11900000
74500000 0.049 -0.067
11496500
51000000 0.049 -0.067


DEGEN-ETH
12006500
281988 0.055 -0.043


LINK-ETH
12006500
1270000 0.026 -0.039
11800000
1270000 0.07 -0.04
11496500
1030000 0.07 -0.07


YFI-ETH
12006500
99 0.032 -0.044
11800000
99 0.043 -0.063
11496500
99 0.05 -0.10


SUSHI-ETH
12006500
117000 0.058 -0.093
11800000
108000 0.094 -0.093
11500000
10800 0.094 -0.093


ETH-GRT
12000000
1094 0.044 -0.044
11900000
1094 0.10 -0.076
11600000
934 0.10 -0.08


WBTC-BADGER
12108500
216 0.09 -0.08
12006500
216 0.09 -0.08
11802500
216 0.13 -0.097
11496500
151 0.165 -0.105


HEGIC-ETH
12108500
2430000 0.043 -0.045
12006500
2270000 0.072 -0.051
11900000
2150000 0.088 -0.17
11800000
1800000 0.10 -0.17
11496500
1480000 0.12 -0.47


KP3R-ETH
12100000
3890 0.05 -0.12
12000000
3890 0.05 -0.12
11800000
3890 0.068 -0.127
11600000
3890 0.068 -0.15
11496500
3700 0.15 -0.16


FTM-ETH
12108500
900000 0.065 -0.093
12006500
900000 0.065 -0.93
11802500
600000 0.118 -0.138
11700000
267000 0.17 -0.20
11496500
267000 0.17 -0.20


SFI-ETH
12108500
1200 0.083 -0.108
12006500
1165 0.138 -0.152
11904500
1165 0.138 -0.257


UMA-ETH
12006500
84000 0.033 -0.062
11800000
65000 0.076 -0.253


MTA-ETH
12100000
880000 0.085 -0.10
12006500
880000 0.085 -0.10
11800000
800000 0.085 -0.10
11734500
790000 0.085 -0.30


MPH-ETH
12108500
16840 0.115 -0.158
12006500
16800 0.115 -0.217
11904500
16800 0.18 -0.23


SGT-ETH
12244500
51000 0.09 -0.10
12040500
30000 0.12 -0.14
12006500
24908 0.15 -0.24


RGT-ETH
12108500
461 0.169 -0.124
12006500
461 0.169 -0.164
11700500
103 0.18 -0.29


SOCKS-ETH
12100000
6.76 0.12 -0.12
12000000
3.42 0.12 -0.15
11802500
3.42 0.12 -0.15
11700000
3.42 0.21 -0.55


INV-ETH
12108500
307 0.15 -0.28
12006500
4 0.26 -1.02
